$ 1 0.000005 9.001713130052181 50 5 50
R 80 448 48 448 0 2 60 0.45 0.55 0 0.5
w 544 448 592 448 0
r 544 448 544 368 0 100000
R 544 368 544 336 0 0 40 3.3 0 0 0.5
r 80 448 144 448 0 1000000
c 144 448 144 512 0 5e-9 0.516893433723023
g 144 512 144 528 0
t 192 448 224 448 0 1 -0.08583597306679391 0.516893433723023 100
w 144 448 192 448 0
w 224 464 224 512 0
g 224 512 224 528 0
r 224 432 224 336 0 100000
R 224 336 224 304 0 0 40 3.3 0 0 0.5
g 288 496 288 512 0
g 432 528 432 544 0
R 288 368 288 336 0 0 40 3.3 0 0 0.5
c 224 432 288 432 0 0.0000010000000000000002 -0.013958831765168545
r 288 432 288 368 0 100000
r 288 432 288 496 0 102000
401 464 448 544 448 1 8\s15\s-15\s1000000\s1.65\s0.6166882385549854\s100000 0\s20\s10000000000 0
w 288 432 464 432 0
r 432 464 384 464 0 100000
r 432 464 432 528 0 100000
R 384 464 352 464 0 0 40 3.3 0 0 0.5
w 432 464 464 464 0
o 0 64 0 4354 5 0.1 0 2 1 0
o 24 64 0 12546 2.2410507315839823 0.0001 1 2 20 0
