$ 1 0.000005 9.001713130052181 50 5 50
R 80 448 48 448 0 2 60 0.5 0.5 0 0.5
c 480 528 480 464 0 1e-8 -2.7618258101502944
r 400 464 480 464 0 50000
g 480 528 480 544 0
w 480 464 528 464 0
w 704 448 752 448 0
r 704 448 704 368 0 1000
R 704 368 704 336 0 0 40 3.3 0 0 0.5
r 80 448 144 448 0 100000
c 144 448 144 512 0 5e-9 0.5735216457595631
g 144 512 144 528 0
t 192 448 224 448 0 1 -2.244625945790105 0.5735216457595631 100
w 144 448 192 448 0
w 224 464 224 512 0
g 224 512 224 528 0
r 224 432 224 336 0 1000
R 224 336 224 304 0 0 40 3.3 0 0 0.5
409 320 464 400 464 1 0.6 -2.1206411611143636 0.0231 0
R 352 432 352 400 0 0 40 3.3 0 0 0.5
g 352 496 352 512 0
w 320 448 320 384 0
w 320 384 400 384 0
w 400 384 400 464 0
w 224 432 272 432 0
r 272 432 272 480 0 1000
r 272 480 272 528 0 50000
g 272 528 272 544 0
w 272 480 320 480 0
409 528 448 608 448 1 0.6 -0.21205653846679628 0.0231 0
g 560 480 560 496 0
R 560 416 560 384 0 0 40 3.3 0 0 0.5
w 272 432 272 336 0
w 272 336 528 336 0
w 528 336 528 432 0
w 608 336 608 448 0
o 0 64 0 4354 5 0.1 0 2 0 3
o 34 64 0 4354 5 0.1 1 2 34 3
o 33 64 0 12546 3.235532250305768 0.0001 2 2 4 0
o 31 64 0 4354 5 0.1 3 2 31 3
