$ 1 0.000005 10.20027730826997 50 5 50
R 320 304 272 304 0 2 60 0.5 0.5 0 0.5
t 384 304 432 304 0 1 -2.299999898000017 0.5171749465285875 100
r 320 304 384 304 0 1000000
g 432 320 432 352 0
r 432 288 432 208 0 10000
R 432 208 432 176 0 0 40 3.3 0 0 0.5
w 432 288 496 288 0
r 496 288 592 288 0 1000
c 592 288 592 352 0 1e-8 2.817174844528606
g 592 352 592 384 0
w 592 288 672 288 0
w 496 256 672 256 0
401 672 272 784 272 1 8\s15\s-15\s1000000\s2.817174844528606\s2.8171748445286044\s100000 0\s20\s10000000000 0
w 496 256 496 288 0
w 784 272 832 272 0
r 784 272 784 176 0 10000
R 784 176 784 144 0 0 40 3.3 0 0 0.5
o 0 64 0 4099 2.5 0.00009765625 0 2 0 3
o 14 64 0 4099 5 0.00009765625 0 2 14 3
