$ 1 0.000005 9.001713130052181 50 5 50
R 80 448 48 448 0 2 60 0.5 0.5 0 0.5
w 224 432 256 432 0
c 336 496 336 432 0 2.4000000000000003e-8 -3.1290538445314464
r 256 432 336 432 0 168000
g 336 496 336 512 0
401 384 416 496 416 1 8\s15\s-15\s1000000\s3.1290538445314464\s2.835325379079528\s100000 0\s20\s10000000000 0
w 336 432 384 432 0
w 256 432 256 400 0
w 256 400 384 400 0
w 496 416 544 416 0
r 496 416 496 336 0 1000
R 496 336 496 304 0 0 40 3.3 0 0 0.5
r 80 448 144 448 0 1000000
c 144 448 144 512 0 5e-9 0.5171392068039604
g 144 512 144 528 0
t 192 448 224 448 0 1 -2.3181861722755674 0.5171392068039604 100
w 144 448 192 448 0
w 224 464 224 512 0
g 224 512 224 528 0
r 224 432 224 336 0 10000
R 224 336 224 304 0 0 40 3.3 0 0 0.5
o 1 64 0 4098 5 0.1 0 2 1 3
o 9 64 0 4098 5 0.1 0 2 9 3
o 8 64 0 12546 3.2977183984163014 0.0001 1 2 6 0
