$ 1 0.000005 12.050203812241895 50 5 50
R 288 304 240 304 0 2 60 0.5 0.5 0 0.5
t 384 304 432 304 0 1 -1.853174704275296 0.517174946249613 100
r 288 304 352 304 0 1000000
g 432 320 432 352 0
r 432 288 432 208 0 10000
R 432 208 432 176 0 0 40 3.3 0 0 0.5
w 432 288 496 288 0
r 496 288 592 288 0 10000
c 592 288 592 352 0 1.0000000000000001e-7 2.3882988925929705
g 592 352 592 384 0
w 592 288 688 288 0
401 688 272 800 272 1 8\s15\s-15\s1000000\s2.3882988925929705\s2.3238722063969695\s100000 0\s20\s10000000000 0
w 816 272 864 272 0
r 816 272 816 176 0 10000
R 816 176 816 144 0 0 40 3.3 0 0 0.5
w 656 256 688 256 0
w 800 272 816 272 0
r 592 240 592 160 0 50000
r 592 160 496 160 0 1000
w 656 160 656 256 0
g 592 240 592 256 0
w 496 288 496 160 0
w 656 160 592 160 0
c 352 304 352 368 0 5e-9 0.517174946249613
g 352 368 352 384 0
w 352 304 384 304 0
o 0 64 0 4098 5 0.00009765625 0 2 0 3
o 12 64 0 4098 5 0.00009765625 0 2 12 3
o 15 32 0 12290 2.7571970549178593 0.0001 1 2 10 0
o 25 32 0 12289 0.0001 0.0001 2 2 25 3
