$ 1 0.000005 10.20027730826997 50 5 50
R 176 320 144 320 0 2 60 2.5 2.5 0 0.5
r 528 176 624 176 0 1000
c 752 336 752 400 0 1e-8 3.2999999979999797
g 752 400 752 432 0
401 672 272 784 272 1 8\s15\s-15\s1000000\s0\s0\s100000 0\s20\s10000000000 0
w 784 272 832 272 0
r 784 272 784 176 0 10000
R 784 176 784 144 0 0 40 3.3 0 0 0.5
c 640 416 688 416 0 1e-7 3.1209198429686618
r 544 288 544 368 0 1000
r 544 368 544 432 0 1000
g 544 432 544 448 0
w 672 288 544 368 0
w 496 288 496 256 0
w 496 256 672 256 0
w 496 288 544 288 0
i 224 304 224 256 0 0.0000049999999999999996
f 176 320 224 320 32 1.5 0.02
d 288 256 288 336 2 default
i 336 336 336 256 0 5e-9
c 384 256 384 336 0 1e-11 0.004987647647152149
w 224 256 288 256 0
w 288 256 336 256 0
w 336 256 384 256 0
w 224 336 288 336 0
w 288 336 336 336 0
w 336 336 384 336 0
r 448 256 448 336 0 1000
w 384 256 448 256 0
w 448 336 384 336 0
g 416 384 416 416 0
R 448 176 448 144 0 0 40 3.3 0 0 0.5
o 0 64 0 4099 5 0.00009765625 0 2 0 3
o 28 64 0 4354 0.625 0.1 1 2 28 3
